name: cnn_ripple_20221127
channels:
  - conda-forge
  - defaults
dependencies:
  - bzip2=1.0.8
  - ca-certificates=2022.9.24
  - cached-property=1.5.2
  - cached_property=1.5.2
  - certifi=2022.9.24
  - console_shortcut=0.1.1
  - cudatoolkit=11.2.2
  - cudnn=8.1.0.77
  - dill=0.3.6
  - h5py=3.7.0
  - hdf5=1.12.2
  - intel-openmp=2022.1.0
  - krb5=1.19.3
  - libblas=3.9.0
  - libcblas=3.9.0
  - libcurl=7.86.0
  - libffi=3.4.2
  - liblapack=3.9.0
  - libsqlite=3.39.4
  - libssh2=1.10.0
  - libzlib=1.2.13
  - m2w64-gcc-libgfortran=5.3.0
  - m2w64-gcc-libs=5.3.0
  - m2w64-gcc-libs-core=5.3.0
  - m2w64-gmp=6.1.0
  - m2w64-libwinpthread-git=5.0.0.4634.697f757
  - mkl=2022.1.0
  - msys2-conda-epoch=20160418
  - numpy=1.23.4
  - openssl=3.0.7
  - pandas=1.5.1
  - pip=22.3
  - python=3.9.13
  - python-dateutil=2.8.2
  - python_abi=3.9
  - pytz=2022.6
  - scipy=1.9.3
  - setuptools=65.5.1
  - six=1.16.0
  - sqlite=3.39.4
  - tbb=2021.6.0
  - tk=8.6.12
  - tzdata=2022f
  - ucrt=10.0.22621.0
  - vc=14.3
  - vs2015_runtime=14.32.31332
  - wheel=0.38.1
  - xz=5.2.6
prefix: C:\Users\pho\miniconda3\envs\cnn_ripple_20221127
